[param]
## don't eidt this part
# weibo cookie
#cookie = {"Cookie": "_T_WM=8015e62daf0748c00bf910a9bb3c915e; ALF=1524289916; SCF=AhkbDf4RY1KTIvcalCeVreGJLjr95u7T-J5rRegDYetP04-3o_jnwmGCpK7_L1t7DWIgosmTJFMhiuWHMKRx8cc.; SUBP=0033WrSXqPxfM725Ws9jqgMF55529P9D9WFoB4ZRwm43Ew83.b4sySJQ5JpX5K-hUgL.Fo-0ShM71h20SK52dJLoI0YLxKBLBonL1h5LxKqL1--L1-2LxKqLBonLBK.LxKqL1-qL1KBLxKML1-2L1hBLxK-LBK-LBoeLxK-LB-BL1K5t; SUB=_2A253twjYDeRhGeNN71UR-C_PzjyIHXVVW6iQrDV6PUJbkdBeLUrXkW1NSbukmGMLab7-vYDcykLb_qbAiqUBzQvD; SUHB=0G0u4Uveb14Bv8; SSOLoginState=1521711240"}
#cookie = "SCF=ApeaYBJR9pC6sP1kIw1mF493jFfiAeDqIpUiHZr3Jy3_oUBeFu-v125KEUCOSdjqwIaC3tmOtXltXTypt-J9FR0.; _T_WM=d6e9a647066fc18b6eb589aa6fe1b9de; M_WEIBOCN_PARAMS=uicode%3D20000174%26featurecode%3D20000320%26fid%3Dhotword; SUB=_2A2534VuzDeRhGeVH6FQT8SnEzTiIHXVVKmX7rDV6PUJbkdAKLVDGkW1NT09ZCHiZtDVPasd-E4WDmGczv34lGNjh; SUHB=0A0J_nD6d5QFza; SSOLoginState=1524968419"
#cookie="SUB=_2A2538qKnDeRhGeBL71cU-CfNzj6IHXVVHM7vrDV6PUJbkdANLXLHkW1NRxjKJBHICLU8sZfTiCtJoTcJuu0L1B7W;SCF=AkFS5CQ3O-nHd5V0opjBUBbnl5m9cvs_z6H_5n22iHh8P0gqkeXKle7uR0BFWLXO52meVY07ii4XpjhLlpBKHLU.;SUHB=0FQrpVdIdmWDu_;SSOLoginState=1526125303;_T_WM=5c6845c4dad45e6972fad4eda9af4def"
cookie="M_WEIBOCN_PARAMS=uicode%3D20000174;SUB=_2A25382EHDeRhGeBL71cU-CfNzj6IHXVVHA9PrDV6PUJbkdAKLRX9kW1NRxjKJAlu9pO4UcQqdMUxBnym-8bTN6uL;SCF=AlSZUt5Kwzd9E9HUUN6HnCi0m7PSXRuH_bo3rvyryMBGK3_ZNcaQoF11A_qGwuwBJ_x_AIg0PE0oaBm-jgzJ95I.;SUHB=0gHi5SHt6NyUzR;SSOLoginState=1526141271;_T_WM=d64bfe6ec7ad787cc71fba980399b475"

# seed userids
# userids = 1729370543, 1729370543, 1197191492, 5982879020,1797054534, 2509414473, 2611478681, 5861859392, 2011086863, 5127716917, 1259110474, 5850775634, 1886437464,3187474530, 2191982701, 1940562032, 5874450550, 1337925752, 2081079420, 5664530558, 3493173952, 1202806915,1864507535, 2032640064, 5585682587, 3083673764, 5342109866, 5878685868, 5728706733, 2103050415, 5876752562,3138085045, 5775974583, 1879400644, 2417139911, 5836619975, 5353816265, 5219508427, 1766613205, 2480158031,5660754163, 2456764664, 3637354755, 1940087047, 5508473104, 1004454162, 2930327837, 1874608417, 5379621155,1720664360, 2714280233, 3769073964, 5624119596, 2754904375, 5710151998, 5331042630, 5748179271, 2146132305,2313896275, 3193618787, 5743059299, 1742930277, 5310538088, 1794474362, 2798510462, 3480076671, 5678653833,5743657357, 5460191980, 1734164880
# userids = 1729370543, 1729370543, 1197191492, 5982879020,1797054534, 2509414473, 2611478681, 5861859392, 2011086863
#importance userids
#userids = 1644461042, 1263498570,1704091601,1729370543, 1729370543, 1197191492, 5982879020,1797054534, 2509414473, 2611478681, 5861859392, 2011086863,2813807340, 5278941194, 5854191251, 6013682987, 6362047675, 6465158326, 3206603957, 1839167003, 5067607858, 2836883273, 1863847262, 1231759973, 1689575103, 5107361689, 1259295385, 1951657750, 1939178055, 1894383393, 1939498534, 6427645497, 2662494703, 3343337200, 1652986661, 2724465062, 3121700831, 2813807340, 5278941194, 5854191251, 6013682987, 6362047675, 6444236645, 6465158326,2706896955, 3952070245, 2173825475 , 2902408801, 1694061470, 1624923463, 3669102477, 2763325717, 2721879503, 1644806805, 1618051664, 5209478895, 1304194202 , 3766773034, 1309302077, 1246229612, 3186727122
userids=2706896955, 3952070245, 2173825475, 2040909313, 2902408801, 1694061470, 1624923463, 3669102477,  2179447851, 2763325717, 2721879503, 1644806805, 1618051664, 5209478895, 1304194202, 3167571163, 3766773034, 1309302077, 1246229612, 3186727122, 1263498570, 1704091601,1729370543, 1197191492,  5982879020, 1797054534, 2656274875, 6013682987, 1839167003, 1863847262, 1259295385, 1939178055, 1259110474,1239246050,6408414755, 1705586121,1195242865, 2646681810, 1189313175, 6364325054, 2067446080, 6505916617, 1650450024, 2391195543, 5888671022, 1756505647, 2255638644,1256857734,2377156730,5213724108,1624923463,5995175834,3240435521,6161856218,3284704805,1677856077,1788283193,6280362341,5743923782,2715025067,1320355271,1751675285,1878206395,1746263014, 1627500245, 1255623971,1730330447,1610536214, 3217456417, 2099181812,1691761292, 1257355460, 3739825350,1197191492, 1345467925, 1192148495, 1716658720, 1865476685, 1249220293,1910171127, 1566301073, 1195230310,1192329374, 1220924217,1241148864,2970192882,2131819280, 1213536224, 1350995007, 2295389250, 1431308884,1194026233, 1624923463, 1730726637,1708767015,1582160525,1191044977,1734808171,1914100420,1243667280,1642512402,2909406375,1642591402,1653255165,2423763501,2032796017,1269870303,6004281123,1642088277,1806128454,2032796017,1893711543,1845864154,2580307963,1291477752,1270344441,1549364094,1645425130,1742727537,1262945510,1827683445,5454219536,3591355593,5234797239,1536118323,1582160525,2718604160,1340723374

# nums of topic
nums_topic = 10

# time excute(hour,minute,second)
hour = 8
minute = 0
second = 0

# time interval(minute)
interval = 5

#interval_craw(total craw time 24*60 minutes)
interval_craw = 24

#interval_sleep = 60 * 60
interval_sleep = 60


